# Unit cell size:
2.86	2.86	65.78
# Unit cell vectors: 
1.0 0.0 0.0 
0.0 1.0 0.0 
0.0 0.0 1.0 
# Atoms num, id cx cy cz mat lc hc 
52
0	0	0	0	0	0	0
1	0.5	0.5	0.0217391	0	0	1
2	0	0	0.0434783	0	0	2
3	0.5	0.5	0.0652174	0	0	3
4	0	0	0.0869565	0	0	4
5	0.5	0.5	0.108696	0	0	5
6	0	0	0.130435	0	0	6
7	0.5	0.5	0.152174	0	0	7
8	0	0	0.173913	0	0	8
9	0.5	0.5	0.195652	0	0	9
10	0	0	0.217391	0	0	10
11	0.5	0.5	0.23913	0	0	11
12	0	0	0.26087	0	0	12
13	0.5	0.5	0.282609	0	0	13
14	0	0	0.304348	0	0	14
15	0.5	0.5	0.326087	0	0	15
16	0	0	0.347826	0	0	16
17	0.5	0.5	0.369565	0	0	17
18	0	0	0.391304	0	0	18
19	0.5	0.5	0.413043	0	0	19
20	0	0	0.434783	1	1	20
21	0.5	0.5	0.456522	1	1	21
22	0	0	0.478261	1	1	22
23	0.5	0.5	0.5	1	1	23
24	0	0	0.521739	1	1	24
25	0.5	0.5	0.543478	2	2	25
26	0	0	0.565217	2	2	26
27	0.5	0.5	0.586957	2	2	27
28	0	0	0.608696	2	2	28
29	0.5	0.5	0.630435	3	3	29
30	0	0	0.652174	4	4	30
31	0.5	0.5	0.652174	5	5	30
32	0.5	0.5	0.673913	4	4	31
33	0	0	0.673913	5	5	31
34	0	0	0.695652	4	4	32
35	0.5	0.5	0.695652	5	5	32
36	0.5	0.5	0.717391	4	4	33
37	0	0	0.717391	5	5	33
38	0	0	0.73913	4	4	34
39	0.5	0.5	0.73913	5	5	34
40	0.5	0.5	0.76087	4	4	35
41	0	0	0.76087	5	5	35
42	0	0	0.782609	7	7	36
43	0.5	0.5	0.804348	8	8	37
44	0	0	0.826087	8	8	38
45	0.5	0.5	0.847826	8	8	39
46	0	0	0.869565	8	8	40
47	0.5	0.5	0.891304	8	8	41
48	0	0	0.913043	8	8	42
49	0.5	0.5	0.934783	8	8	43
50	0	0	0.956522	8	8	44
51	0.5	0.5	0.978261	8	8	45
#Interactions n exctype, id i j dx dy   dz        Jij
306	isotropic
0	0	1	-1	-1	0	6.95e-21
1	0	1	-1	0	0	6.95e-21
2	0	1	0	-1	0	6.95e-21
3	0	1	0	0	0	6.95e-21
4	1	0	0	0	0	6.95e-21
5	1	2	0	0	0	6.95e-21
6	1	0	0	1	0	6.95e-21
7	1	2	0	1	0	6.95e-21
8	1	0	1	0	0	6.95e-21
9	1	2	1	0	0	6.95e-21
10	1	0	1	1	0	6.95e-21
11	1	2	1	1	0	6.95e-21
12	2	1	-1	-1	0	6.95e-21
13	2	3	-1	-1	0	6.95e-21
14	2	1	-1	0	0	6.95e-21
15	2	3	-1	0	0	6.95e-21
16	2	1	0	-1	0	6.95e-21
17	2	3	0	-1	0	6.95e-21
18	2	1	0	0	0	6.95e-21
19	2	3	0	0	0	6.95e-21
20	3	2	0	0	0	6.95e-21
21	3	4	0	0	0	6.95e-21
22	3	2	0	1	0	6.95e-21
23	3	4	0	1	0	6.95e-21
24	3	2	1	0	0	6.95e-21
25	3	4	1	0	0	6.95e-21
26	3	2	1	1	0	6.95e-21
27	3	4	1	1	0	6.95e-21
28	4	3	-1	-1	0	6.95e-21
29	4	5	-1	-1	0	6.95e-21
30	4	3	-1	0	0	6.95e-21
31	4	5	-1	0	0	6.95e-21
32	4	3	0	-1	0	6.95e-21
33	4	5	0	-1	0	6.95e-21
34	4	3	0	0	0	6.95e-21
35	4	5	0	0	0	6.95e-21
36	5	4	0	0	0	6.95e-21
37	5	6	0	0	0	6.95e-21
38	5	4	0	1	0	6.95e-21
39	5	6	0	1	0	6.95e-21
40	5	4	1	0	0	6.95e-21
41	5	6	1	0	0	6.95e-21
42	5	4	1	1	0	6.95e-21
43	5	6	1	1	0	6.95e-21
44	6	5	-1	-1	0	6.95e-21
45	6	7	-1	-1	0	6.95e-21
46	6	5	-1	0	0	6.95e-21
47	6	7	-1	0	0	6.95e-21
48	6	5	0	-1	0	6.95e-21
49	6	7	0	-1	0	6.95e-21
50	6	5	0	0	0	6.95e-21
51	6	7	0	0	0	6.95e-21
52	7	6	0	0	0	6.95e-21
53	7	8	0	0	0	6.95e-21
54	7	6	0	1	0	6.95e-21
55	7	8	0	1	0	6.95e-21
56	7	6	1	0	0	6.95e-21
57	7	8	1	0	0	6.95e-21
58	7	6	1	1	0	6.95e-21
59	7	8	1	1	0	6.95e-21
60	8	7	-1	-1	0	6.95e-21
61	8	9	-1	-1	0	6.95e-21
62	8	7	-1	0	0	6.95e-21
63	8	9	-1	0	0	6.95e-21
64	8	7	0	-1	0	6.95e-21
65	8	9	0	-1	0	6.95e-21
66	8	7	0	0	0	6.95e-21
67	8	9	0	0	0	6.95e-21
68	9	8	0	0	0	6.95e-21
69	9	10	0	0	0	6.95e-21
70	9	8	0	1	0	6.95e-21
71	9	10	0	1	0	6.95e-21
72	9	8	1	0	0	6.95e-21
73	9	10	1	0	0	6.95e-21
74	9	8	1	1	0	6.95e-21
75	9	10	1	1	0	6.95e-21
76	10	9	-1	-1	0	6.95e-21
77	10	11	-1	-1	0	6.95e-21
78	10	9	-1	0	0	6.95e-21
79	10	11	-1	0	0	6.95e-21
80	10	9	0	-1	0	6.95e-21
81	10	11	0	-1	0	6.95e-21
82	10	9	0	0	0	6.95e-21
83	10	11	0	0	0	6.95e-21
84	11	10	0	0	0	6.95e-21
85	11	12	0	0	0	6.95e-21
86	11	10	0	1	0	6.95e-21
87	11	12	0	1	0	6.95e-21
88	11	10	1	0	0	6.95e-21
89	11	12	1	0	0	6.95e-21
90	11	10	1	1	0	6.95e-21
91	11	12	1	1	0	6.95e-21
92	12	11	-1	-1	0	6.95e-21
93	12	13	-1	-1	0	6.95e-21
94	12	11	-1	0	0	6.95e-21
95	12	13	-1	0	0	6.95e-21
96	12	11	0	-1	0	6.95e-21
97	12	13	0	-1	0	6.95e-21
98	12	11	0	0	0	6.95e-21
99	12	13	0	0	0	6.95e-21
100	13	12	0	0	0	6.95e-21
101	13	14	0	0	0	6.95e-21
102	13	12	0	1	0	6.95e-21
103	13	14	0	1	0	6.95e-21
104	13	12	1	0	0	6.95e-21
105	13	14	1	0	0	6.95e-21
106	13	12	1	1	0	6.95e-21
107	13	14	1	1	0	6.95e-21
108	14	13	-1	-1	0	6.95e-21
109	14	15	-1	-1	0	6.95e-21
110	14	13	-1	0	0	6.95e-21
111	14	15	-1	0	0	6.95e-21
112	14	13	0	-1	0	6.95e-21
113	14	15	0	-1	0	6.95e-21
114	14	13	0	0	0	6.95e-21
115	14	15	0	0	0	6.95e-21
116	15	14	0	0	0	6.95e-21
117	15	16	0	0	0	6.95e-21
118	15	14	0	1	0	6.95e-21
119	15	16	0	1	0	6.95e-21
120	15	14	1	0	0	6.95e-21
121	15	16	1	0	0	6.95e-21
122	15	14	1	1	0	6.95e-21
123	15	16	1	1	0	6.95e-21
124	16	15	-1	-1	0	6.95e-21
125	16	17	-1	-1	0	6.95e-21
126	16	15	-1	0	0	6.95e-21
127	16	17	-1	0	0	6.95e-21
128	16	15	0	-1	0	6.95e-21
129	16	17	0	-1	0	6.95e-21
130	16	15	0	0	0	6.95e-21
131	16	17	0	0	0	6.95e-21
132	17	16	0	0	0	6.95e-21
133	17	18	0	0	0	6.95e-21
134	17	16	0	1	0	6.95e-21
135	17	18	0	1	0	6.95e-21
136	17	16	1	0	0	6.95e-21
137	17	18	1	0	0	6.95e-21
138	17	16	1	1	0	6.95e-21
139	17	18	1	1	0	6.95e-21
140	18	17	-1	-1	0	6.95e-21
141	18	19	-1	-1	0	6.95e-21
142	18	17	-1	0	0	6.95e-21
143	18	19	-1	0	0	6.95e-21
144	18	17	0	-1	0	6.95e-21
145	18	19	0	-1	0	6.95e-21
146	18	17	0	0	0	6.95e-21
147	18	19	0	0	0	6.95e-21
148	19	18	0	0	0	6.95e-21
149	19	20	0	0	0	6.95e-21
150	19	25	0	0	0	-8.1796e-23
151	19	18	0	1	0	6.95e-21
152	19	20	0	1	0	6.95e-21
153	19	18	1	0	0	6.95e-21
154	19	20	1	0	0	6.95e-21
155	19	18	1	1	0	6.95e-21
156	19	20	1	1	0	6.95e-21
157	20	19	-1	-1	0	6.95e-21
158	20	21	-1	-1	0	6.95e-21
159	20	19	-1	0	0	6.95e-21
160	20	21	-1	0	0	6.95e-21
161	20	19	0	-1	0	6.95e-21
162	20	21	0	-1	0	6.95e-21
163	20	19	0	0	0	6.95e-21
164	20	21	0	0	0	6.95e-21
165	21	20	0	0	0	6.95e-21
166	21	22	0	0	0	6.95e-21
167	21	20	0	1	0	6.95e-21
168	21	22	0	1	0	6.95e-21
169	21	20	1	0	0	6.95e-21
170	21	22	1	0	0	6.95e-21
171	21	20	1	1	0	6.95e-21
172	21	22	1	1	0	6.95e-21
173	22	21	-1	-1	0	6.95e-21
174	22	23	-1	-1	0	6.95e-21
175	22	21	-1	0	0	6.95e-21
176	22	23	-1	0	0	6.95e-21
177	22	21	0	-1	0	6.95e-21
178	22	23	0	-1	0	6.95e-21
179	22	21	0	0	0	6.95e-21
180	22	23	0	0	0	6.95e-21
181	23	22	0	0	0	6.95e-21
182	23	24	0	0	0	6.95e-21
183	23	22	0	1	0	6.95e-21
184	23	24	0	1	0	6.95e-21
185	23	22	1	0	0	6.95e-21
186	23	24	1	0	0	6.95e-21
187	23	22	1	1	0	6.95e-21
188	23	24	1	1	0	6.95e-21
189	24	23	-1	-1	0	6.95e-21
190	24	25	-1	-1	0	6.95e-21
191	24	23	-1	0	0	6.95e-21
192	24	25	-1	0	0	6.95e-21
193	24	23	0	-1	0	6.95e-21
194	24	25	0	-1	0	6.95e-21
195	24	23	0	0	0	6.95e-21
196	24	25	0	0	0	6.95e-21
197	25	19	0	0	0	-8.1796e-23
198	25	24	0	0	0	6.95e-21
199	25	26	0	0	0	6.95e-21
200	25	24	0	1	0	6.95e-21
201	25	26	0	1	0	6.95e-21
202	25	24	1	0	0	6.95e-21
203	25	26	1	0	0	6.95e-21
204	25	24	1	1	0	6.95e-21
205	25	26	1	1	0	6.95e-21
206	26	25	-1	-1	0	6.95e-21
207	26	27	-1	-1	0	6.95e-21
208	26	25	-1	0	0	6.95e-21
209	26	27	-1	0	0	6.95e-21
210	26	25	0	-1	0	6.95e-21
211	26	27	0	-1	0	6.95e-21
212	26	25	0	0	0	6.95e-21
213	26	27	0	0	0	6.95e-21
214	27	26	0	0	0	6.95e-21
215	27	28	0	0	0	6.95e-21
216	27	26	0	1	0	6.95e-21
217	27	28	0	1	0	6.95e-21
218	27	26	1	0	0	6.95e-21
219	27	28	1	0	0	6.95e-21
220	27	26	1	1	0	6.95e-21
221	27	28	1	1	0	6.95e-21
222	28	27	-1	-1	0	6.95e-21
223	28	29	-1	-1	0	6.95e-21
224	28	27	-1	0	0	6.95e-21
225	28	29	-1	0	0	6.95e-21
226	28	27	0	-1	0	6.95e-21
227	28	29	0	-1	0	6.95e-21
228	28	27	0	0	0	6.95e-21
229	28	29	0	0	0	6.95e-21
230	29	28	0	0	0	6.95e-21
231	29	28	0	1	0	6.95e-21
232	29	28	1	0	0	6.95e-21
233	29	28	1	1	0	6.95e-21
234	42	43	-1	-1	0	6.95e-21
235	42	43	-1	0	0	6.95e-21
236	42	43	0	-1	0	6.95e-21
237	42	43	0	0	0	6.95e-21
238	43	42	0	0	0	6.95e-21
239	43	44	0	0	0	6.95e-21
240	43	42	0	1	0	6.95e-21
241	43	44	0	1	0	6.95e-21
242	43	42	1	0	0	6.95e-21
243	43	44	1	0	0	6.95e-21
244	43	42	1	1	0	6.95e-21
245	43	44	1	1	0	6.95e-21
246	44	43	-1	-1	0	6.95e-21
247	44	45	-1	-1	0	6.95e-21
248	44	43	-1	0	0	6.95e-21
249	44	45	-1	0	0	6.95e-21
250	44	43	0	-1	0	6.95e-21
251	44	45	0	-1	0	6.95e-21
252	44	43	0	0	0	6.95e-21
253	44	45	0	0	0	6.95e-21
254	45	44	0	0	0	6.95e-21
255	45	46	0	0	0	6.95e-21
256	45	44	0	1	0	6.95e-21
257	45	46	0	1	0	6.95e-21
258	45	44	1	0	0	6.95e-21
259	45	46	1	0	0	6.95e-21
260	45	44	1	1	0	6.95e-21
261	45	46	1	1	0	6.95e-21
262	46	45	-1	-1	0	6.95e-21
263	46	47	-1	-1	0	6.95e-21
264	46	45	-1	0	0	6.95e-21
265	46	47	-1	0	0	6.95e-21
266	46	45	0	-1	0	6.95e-21
267	46	47	0	-1	0	6.95e-21
268	46	45	0	0	0	6.95e-21
269	46	47	0	0	0	6.95e-21
270	47	46	0	0	0	6.95e-21
271	47	48	0	0	0	6.95e-21
272	47	46	0	1	0	6.95e-21
273	47	48	0	1	0	6.95e-21
274	47	46	1	0	0	6.95e-21
275	47	48	1	0	0	6.95e-21
276	47	46	1	1	0	6.95e-21
277	47	48	1	1	0	6.95e-21
278	48	47	-1	-1	0	6.95e-21
279	48	49	-1	-1	0	6.95e-21
280	48	47	-1	0	0	6.95e-21
281	48	49	-1	0	0	6.95e-21
282	48	47	0	-1	0	6.95e-21
283	48	49	0	-1	0	6.95e-21
284	48	47	0	0	0	6.95e-21
285	48	49	0	0	0	6.95e-21
286	49	48	0	0	0	6.95e-21
287	49	50	0	0	0	6.95e-21
288	49	48	0	1	0	6.95e-21
289	49	50	0	1	0	6.95e-21
290	49	48	1	0	0	6.95e-21
291	49	50	1	0	0	6.95e-21
292	49	48	1	1	0	6.95e-21
293	49	50	1	1	0	6.95e-21
294	50	49	-1	-1	0	6.95e-21
295	50	51	-1	-1	0	6.95e-21
296	50	49	-1	0	0	6.95e-21
297	50	51	-1	0	0	6.95e-21
298	50	49	0	-1	0	6.95e-21
299	50	51	0	-1	0	6.95e-21
300	50	49	0	0	0	6.95e-21
301	50	51	0	0	0	6.95e-21
302	51	50	0	0	0	6.95e-21
303	51	50	0	1	0	6.95e-21
304	51	50	1	0	0	6.95e-21
305	51	50	1	1	0	6.95e-21
#Interactions n exctype, id i j dx dy   dz        Jij
2	isotropic
0	19	25	0	0	0	-8.1796e-23
1	25	19	0	0	0	-8.1796e-23
